01_From_Pole_to_Pole:	[444   7  29  51  65  84 112 139 160 192 203 208 220 239 288 314 316 334
 392 408 429 443]
02_Mountains:	[382   8  19  39  57  68 111 119 122 149 165 178 187 189 200 206 220 231
 245 261 273 295 305 329 367 382]
03_Ice_Worlds:	[420   8  19  49  69  96 109 120 156 179 218 257 273 281 300 309 318 340
 375 406 420]
04_Great_Plains:	[471   9  19  48  57  89 118 129 164 179 191 218 233 240 244 272 289 315
 348 370 393 429 449 459 471]
05_Jungles:	[459  39  68  81 105 118 129 168 190 209 216 225 239 259 272 289 301 319
 352 374 399 410 429 449 459]
06_Seasonal_Forests:	[525   8  26  47  59  72  84  95 141 175 184 198 237 257 289 316 357 384
 415 432 457 476 507 516 525]
07_Fresh_Water:	[530   2  15  24  42  49  69  87 119 134 168 199 236 254 270 298 314 358
 390 398 407 421 439 465 479 485 510 519 521 530]
08_Ocean_Deep:	[409   9  26  41  59  67  69  80 115 158 177 189 199 208 230 236 264 285
 296 335 347 363 389 392 394 409]
09_Shallow_Seas:	[365  10  16  32  40  53  77  96 106 118 139 146 192 211 217 252 260 266
 278 289 301 308 337 356 365]
10_Caves:	[373   9  19  59  79  98 125 168 176 189 218 240 249 256 258 279 307 316
 343 354 373]
11_Deserts:	[466  29  56  66  79 101 127 137 149 160 168 184 191 196 214 229 248 275
 307 332 347 367 398 424 444 459 466]
