01_From_Pole_to_Pole: [444   9  14  46  53  78  91 107 130 141 162 176 187 199 218 228 239 241
 267 290 292 304 334 348 356 361 369 378 397 406 425 444]
02_Mountains: [382   2   9  13  32  47  63  68  82  88  99 115 123 138 144 157 169 180
 186 208 219 236 239 247 261 288 299 308 316 319 336 360 369 381]
03_Ice_Worlds: [420   2  16  26  33  35  48  63  68  81  93 110 139 148 152 173 179 226
 235 250 259 269 281 288 309 337 339 358 367 374 387 399 409 420]
04_Great_Plains: [471   3  15  26  36  55  67  83 114 131 136 154 164 171 178 188 195 214
 226 250 263 289 303 307 321 334 337 344 356 367 384 409 416 428 447 459
 467 471]
05_Jungles: [459   7  35  69 103 135 147 159 186 204 212 219 228 242 258 297 321 333
 354 372 380 397 419 427 447 459]
06_Seasonal_Forests: [525   1   9  29  32  46  70  79  99 115 143 158 172 193 200 211 219 233
 248 259 266 274 287 296 327 336 338 352 375 394 409 425 449 461 478 506
 518 525]
07_Fresh_Water: [530   1  18  29  37  42  49  51  59  76  88  97 111 136 145 169 188 198
 216 224 235 260 268 297 315 339 363 398 407 421 428 456 467 496 518 530]
08_Ocean_Deep: [409   1  12  19  39  60  77  99 114 122 141 155 166 190 199 209 212 218
 229 239 274 289 318 345 357 369 382 399 409]
09_Shallow_Seas: [365   5  13  31  42  57  83  90 104 114 124 145 164 181 198 200 215 229
 262 279 294 310 321 328 336 345 358 365]
10_Caves: [373  11  24  57  72  82  99 115 125 135 148 155 168 178 191 209 220 237
 247 269 279 303 319 329 335 373]
11_Deserts: [466   8  14  29  40  53  59  96 107 121 139 147 157 167 188 190 207 216
 226 244 280 287 289 302 314 332 343 351 369 378 394 409 418 427 459 466]
