01_From_Pole_to_Pole: 444 7 20 29 32 40 49 58 69 97 109 120 129 142 157 170 186 188 213 231 244 249 255 267 309 339 347 379 387 398 419 425 443
02_Mountains: 382 8 22 30 41 58 67 86 105 107 123 129 137 159 171 179 191 198 207 215 225 230 232 244 262 274 289 305 319 321 336 347 356 360 382
03_Ice_Worlds: 420 12 21 43 45 60 65 82 111 120 128 161 178 184 199 208 219 229 240 248 264 279 298 310 316 329 340 367 381 389 409 418 420
04_Great_Plains: 471 8 22 26 36 46 55 79 91 93 106 113 120 136 149 170 189 209 220 236 249 269 279 300 319 344 361 376 388 399 402 414 437 449 459 471
05_Jungles: 459 1 14 39 55 68 84 92 101 129 134 146 157 168 186 196 225 247 252 262 266 279 284 294 303 325 337 365 369 375 392 424 434 449 459
06_Seasonal_Forests: 525 8 13 24 38 46 69 78 87 106 117 126 133 145 160 164 178 199 204 220 229 236 265 276 282 291 328 337 354 370 386 396 409 421 439 454 469 480 489 517 525
07_Fresh_Water: 530 8 36 52 69 95 97 106 128 150 157 172 205 215 228 237 253 269 294 307 309 332 349 360 368 407 416 442 461 471 474 487 499 512 519 530
08_Ocean_Deep: 409 9 29 38 46 59 80 95 119 129 139 149 161 166 179 186 199 211 217 226 244 255 257 279 285 300 307 320 342 348 360 370 376 381 386 398 409
09_Shallow_Seas: 365 15 31 36 40 45 59 80 91 110 121 133 152 179 193 205 211 223 247 254 269 289 291 307 324 339 344 363 365
10_Caves: 373 1 10 16 24 27 45 47 56 67 84 104 124 147 170 194 207 215 232 236 241 256 279 311 319 325 339 357 359 373
11_Deserts: 466 1 20 35 43 49 65 75 101 108 121 130 142 148 155 166 202 206 218 230 245 285 308 314 326 329 339 342 357 359 384 399 417 437 466
