01_From_Pole_to_Pole: 444 12 14 29 43 44 59 74 89 104 119 134 149 164 179 193 194 209 224 239 254 269 284 299 314 329 344 359 374 389 404 419 434 444
02_Mountains: 382 14 29 44 58 59 67 74 89 101 104 118 119 134 149 157 164 179 193 194 208 209 224 239 254 269 284 299 312 314 325 329 343 344 359 374 382
03_Ice_Worlds: 420 14 29 44 59 74 87 89 104 119 127 134 149 164 179 194 208 209 224 239 254 268 269 284 299 314 329 344 359 374 389 404 419 420
04_Great_Plains: 471 14 28 29 44 59 74 89 104 119 134 149 162 163 164 179 194 209 224 239 252 254 268 269 284 299 314 329 344 359 374 389 404 419 434 449 464 471
05_Jungles: 459 14 29 44 59 74 89 104 119 134 146 149 164 179 190 194 209 217 224 239 254 269 284 299 314 329 344 354 359 374 389 404 419 433 434 448 449 459
06_Seasonal_Forests: 525 8 14 29 43 44 59 74 89 104 119 134 149 164 179 194 209 224 239 254 269 284 299 314 329 344 359 374 389 404 419 434 449 464 478 479 494 509 523 524 525
07_Fresh_Water: 530 14 23 24 29 43 44 59 74 89 104 119 134 149 164 179 194 209 224 239 254 269 282 284 299 314 329 344 359 374 389 404 419 432 434 449 464 479 494 509 524 530
08_Ocean_Deep: 409 13 14 29 44 58 59 74 89 103 104 119 134 149 164 179 194 208 209 224 238 239 254 269 284 299 314 329 344 359 374 389 404 409
09_Shallow_Seas: 365 13 14 29 44 54 59 74 89 104 119 134 149 164 179 194 209 224 239 254 269 284 299 314 329 344 359 365
10_Caves: 373 12 13 14 29 44 59 74 89 104 119 134 147 149 163 164 179 194 209 224 239 253 254 269 283 284 299 314 329 344 359 373
11_Deserts: 466 14 26 29 44 59 71 74 89 104 119 134 149 164 179 194 209 223 224 239 254 269 284 299 314 329 344 358 359 373 374 389 403 404 418 419 434 447 449 464 466