01_From_Pole_to_Pole: 444 9 43 80 94 120 149 155 167 180 220 241 264 314 338 403 419 444
02_Mountains: 382 24 39 60 92 109 129 140 150 182 188 202 223 229 244 259 274 295 308 316 330 364 369 382
03_Ice_Worlds: 420 19 54 67 79 103 125 131 189 207 221 231 239 253 280 296 318 325 354 389 409 420
04_Great_Plains: 471 22 44 69 75 106 138 169 189 211 240 244 263 288 302 318 320 337 359 370 394 417 449 459 471
05_Jungles: 459 22 35 67 79 109 132 155 173 203 221 235 254 275 279 321 354 364 426 445 459
06_Seasonal_Forests: 525 13 28 51 63 99 110 141 160 170 199 209 224 236 252 267 288 300 308 320 327 358 371 388 404 421 443 487 514 525
07_Fresh_Water: 530 9 18 38 42 49 59 97 119 134 145 164 179 182 198 225 238 269 308 310 329 343 379 417 449 458 475 499 519 529
08_Ocean_Deep: 409 12 14 39 69 97 121 132 146 164 184 222 255 267 281 294 317 334 360 371 379 385 398 409
09_Shallow_Seas: 365 14 29 32 55 99 116 139 149 157 169 179 187 198 209 226 246 271 309 339 350 365
10_Caves: 373 6 12 49 69 80 98 138 178 223 243 269 324 342 359 372
11_Deserts: 466 16 38 60 97 127 138 155 173 189 192 219 248 290 327 345 371 392 394 421 439 457 466
