01_From_Pole_to_Pole: 444 7 12 26 49 55 78 96 108 121 131 141 146 164 166 172 189 214 248 263 288 290 299 301 306 319 329 336 340 352 357 365 375 381 387 405 410 418 427 443
02_Mountains: 382 6 22 48 54 67 77 80 88 98 114 120 142 148 165 172 177 194 203 208 225 236 249 258 267 279 281 289 298 309 315 350 361 368 375 382
03_Ice_Worlds: 420 2 9 17 19 29 33 47 59 62 68 80 105 119 146 149 154 159 161 174 185 191 200 206 211 220 227 232 239 241 243 256 259 266 282 294 304 315 336 343 356 376 385 397 403 410 420
04_Great_Plains: 471 3 16 33 46 51 69 76 93 105 114 116 134 144 159 169 189 210 213 218 236 249 267 278 299 319 335 342 344 357 376 397 403 409 411 416 433 435 442 448 458 466 471
05_Jungles: 459 1 3 19 21 29 36 40 49 55 66 75 89 104 107 116 128 136 142 149 159 168 175 187 190 210 218 229 231 234 243 253 268 286 308 329 338 348 357 367 374 388 396 407 417 420 428 433 439 447 459
06_Seasonal_Forests: 525 1 12 23 47 55 71 76 81 92 133 139 146 156 164 174 184 193 209 212 230 232 236 254 264 270 274 286 295 308 311 319 328 336 356 360 374 399 412 426 443 445 464 474 495 503 510 525
07_Fresh_Water: 530 3 14 22 38 44 46 54 77 85 87 103 113 131 133 140 150 162 173 184 192 197 219 228 237 247 268 276 291 294 314 329 333 339 360 382 406 414 419 423 428 435 457 469 476 487 516 530
08_Ocean_Deep: 409 1 5 19 38 46 54 70 73 90 98 103 125 134 144 159 169 171 177 183 189 204 215 233 236 249 252 258 274 280 299 306 311 322 327 339 344 356 366 389 397 408
09_Shallow_Seas: 365 2 9 17 22 35 52 69 84 98 103 107 109 113 124 134 146 149 156 168 170 182 193 205 210 226 244 263 274 278 293 306 334 346 359 365
10_Caves: 373 9 19 43 56 74 80 96 109 116 123 139 146 172 189 195 209 219 248 255 277 288 299 307 319 330 336 357 362 371 373
11_Deserts: 466 28 37 63 79 88 125 135 149 158 160 168 176 188 211 218 230 245 269 272 284 304 326 336 359 368 379 389 408 419 422 424 447 456 466
