01_From_Pole_to_Pole: 444 7 25 49 59 62 81 120 130 138 146 174 187 208 233 246 257 265 286 288 319 399 428 444
02_Mountains: 382 5 15 43 68 79 85 103 128 141 147 166 189 197 220 230 235 246 255 268 281 298 312 328 340 361 368 382
03_Ice_Worlds: 420 12 21 32 36 56 89 132 139 160 162 187 221 246 257 264 281 317 330 349 358 368 397 399 409 414 420
04_Great_Plains: 471 5 16 32 56 75 105 128 152 161 174 200 219 227 240 249 258 269 289 307 324 328 346 357 373 409 429 436 458 471
05_Jungles: 459 3 46 72 81 105 119 135 151 174 184 198 220 228 248 266 294 312 319 335 344 371 410 430 459
06_Seasonal_Forests: 525 9 21 55 80 94 126 145 167 183 204 218 236 257 281 326 336 347 359 376 383 405 433 444 458 474 499 505 525
07_Fresh_Water: 530 13 27 38 52 59 92 126 140 145 158 209 229 246 267 314 332 359 362 398 426 439 459 479 487 513 530
08_Ocean_Deep: 409 1 9 18 50 60 79 103 118 148 168 178 187 199 208 232 242 265 300 319 329 336 357 387 394 409
09_Shallow_Seas: 365 3 24 39 49 60 71 94 120 148 160 174 200 216 225 259 275 301 359 365
10_Caves: 373 6 28 32 57 74 86 94 117 129 144 151 169 183 196 224 236 245 268 289 295 314 334 354 357 359 373
11_Deserts: 466 1 22 53 59 82 129 142 152 164 184 202 217 232 260 262 290 313 349 369 398 411 436 459 466
